0.07692307692307693
0.1282051282051282
0.1794871794871795
0.20512820512820512
0.28205128205128205
0.3076923076923077
0.358974358974359
0.3846153846153846
0.41025641025641024
0.4615384615384615
0.5384615384615384
0.5641025641025641
0.6923076923076923
0.7692307692307692
0.8205128205128205
0.8717948717948718
0.923076923076923
0.9487179487179487
0.9743589743589743
1.0
0.4114323337401047
0.7684673951806481
1.037968064979317
0.9156120624135217
0.9859718872246266
0.9081296195599191
0.7623975474112229
0.5688652227249333
0.5114758731954795
0.2947032654550892
-0.22215900412847436
-0.4048677933016119
-0.9066106566227671
-1.029832696721824
-0.870842364084322
-0.7505465959673642
-0.42512272583491195
-0.3730694124594678
-0.2776604339129125
-0.08560187731082178
